#X,Y,WINDING
223,2.234098e+02,550,5.503111e+02,1
226,2.261200e+02,497,4.977271e+02,1
229,2.293692e+02,445,4.457143e+02,1
236,2.366012e+02,577,5.777505e+02,1
240,2.398112e+02,524,5.246746e+02,1
243,2.430784e+02,472,4.727078e+02,1
246,2.461503e+02,420,4.204783e+02,1
250,2.504186e+02,604,6.043563e+02,1
253,2.531238e+02,551,5.521685e+02,1
256,2.566023e+02,499,4.996886e+02,1
259,2.594330e+02,447,4.474880e+02,1
262,2.629318e+02,395,3.956380e+02,1
263,2.640238e+02,631,6.315755e+02,1
267,2.674047e+02,579,5.789724e+02,1
270,2.701834e+02,526,5.267606e+02,1
273,2.732789e+02,474,4.744812e+02,1
276,2.763428e+02,422,4.222800e+02,1
277,2.774563e+02,658,6.587028e+02,1
279,2.795178e+02,369,3.697162e+02,1
280,2.807006e+02,606,6.063355e+02,1
283,2.834451e+02,553,5.536551e+02,1
286,2.866348e+02,501,5.017946e+02,1
289,2.898809e+02,449,4.492600e+02,1
291,2.907843e+02,685,6.857784e+02,1
293,2.933263e+02,396,3.969955e+02,1
294,2.942086e+02,633,6.331613e+02,1
296,2.960871e+02,344,3.446515e+02,1
297,2.972582e+02,580,5.807886e+02,1
300,3.002624e+02,528,5.285933e+02,1
303,3.034920e+02,476,4.764311e+02,1
304,3.047928e+02,712,7.127896e+02,1
306,3.066295e+02,423,4.237120e+02,1
307,3.075493e+02,660,6.605338e+02,1
309,3.094800e+02,371,3.715394e+02,1
310,3.104211e+02,607,6.083866e+02,1
312,3.126841e+02,319,3.194530e+02,1
313,3.138630e+02,555,5.556346e+02,1
316,3.166101e+02,503,5.035463e+02,1
320,3.203797e+02,450,4.509622e+02,1
321,3.211401e+02,687,6.874928e+02,1
323,3.232443e+02,398,3.986657e+02,1
324,3.244309e+02,635,6.351100e+02,1
326,3.262154e+02,346,3.462775e+02,1
327,3.273812e+02,582,5.828170e+02,1
329,3.294799e+02,293,2.935085e+02,1
330,3.304897e+02,530,5.304113e+02,1
333,3.335667e+02,478,4.783048e+02,1
334,3.349032e+02,714,7.148896e+02,1
336,3.366193e+02,425,4.257513e+02,1
337,3.377799e+02,662,6.623109e+02,1
339,3.397735e+02,373,3.733159e+02,1
340,3.405578e+02,609,6.097993e+02,1
342,3.425823e+02,320,3.205187e+02,1
343,3.439648e+02,557,5.577391e+02,1
347,3.472995e+02,505,5.050454e+02,1
348,3.482780e+02,741,7.419052e+02,1
350,3.502905e+02,452,4.527434e+02,1
351,3.514161e+02,689,6.893930e+02,1
353,3.533620e+02,400,4.004320e+02,1
354,3.546376e+02,637,6.369962e+02,1
356,3.565228e+02,347,3.476119e+02,1
357,3.574256e+02,584,5.846201e+02,1
359,3.594971e+02,295,2.954872e+02,1
360,3.606980e+02,532,5.323326e+02,1
363,3.637781e+02,479,4.797203e+02,1
365,3.651281e+02,716,7.162286e+02,1
366,3.666460e+02,427,4.274491e+02,1
368,3.682079e+02,664,6.639222e+02,1
370,3.699816e+02,375,3.750421e+02,1
370,3.709536e+02,611,6.115398e+02,1
372,3.728768e+02,322,3.225488e+02,1
392,3.923457e+02,244,2.447248e+02,1
375,3.756481e+02,270,2.701552e+02,1
405,4.062834e+02,272,2.717662e+02,1
422,4.224749e+02,246,2.463538e+02,1
389,3.895271e+02,297,2.973002e+02,1
436,4.363455e+02,273,2.734295e+02,1
419,4.194646e+02,298,2.987981e+02,1
452,4.525502e+02,248,2.481681e+02,1
403,4.031026e+02,324,3.245359e+02,1
469,4.696428e+02,222,2.229457e+02,1
386,3.865772e+02,349,3.495992e+02,1
449,4.496555e+02,300,3.004037e+02,1
466,4.663201e+02,275,2.752515e+02,1
433,4.331191e+02,326,3.260635e+02,1
482,4.830328e+02,249,2.497038e+02,1
416,4.165929e+02,351,3.513531e+02,1
499,4.993743e+02,224,2.245109e+02,1
400,4.003230e+02,376,3.768276e+02,1
383,3.834590e+02,402,4.021654e+02,1
479,4.799017e+02,302,3.023251e+02,1
463,4.634429e+02,327,3.275062e+02,1
496,4.966599e+02,276,2.769243e+02,1
446,4.468724e+02,353,3.530404e+02,1
512,5.127383e+02,251,2.515462e+02,1
430,4.302674e+02,378,3.785004e+02,1
529,5.293198e+02,226,2.260923e+02,1
413,4.136706e+02,403,4.036687e+02,1
397,3.970862e+02,429,4.291042e+02,1
380,3.804220e+02,454,4.544705e+02,1
493,4.934497e+02,329,3.292896e+02,1
509,5.098627e+02,304,3.041010e+02,1
476,4.767191e+02,354,3.545055e+02,1
526,5.265043e+02,278,2.784670e+02,1
460,4.603016e+02,380,3.801438e+02,1
543,5.429579e+02,253,2.534326e+02,1
443,4.436790e+02,405,4.054853e+02,1
559,5.597649e+02,227,2.273456e+02,1
427,4.273291e+02,430,4.308048e+02,1
410,4.105692e+02,456,4.562646e+02,1
523,5.237500e+02,330,3.309372e+02,1
507,5.071562e+02,356,3.564733e+02,1
540,5.401943e+02,305,3.056155e+02,1
490,4.905009e+02,381,3.815923e+02,1
393,3.937822e+02,481,4.816468e+02,1
556,5.567324e+02,280,2.800123e+02,1
473,4.738330e+02,407,4.070725e+02,1
573,5.736303e+02,254,2.545842e+02,1
457,4.573435e+02,432,4.325026e+02,1
377,3.773133e+02,506,5.068347e+02,1
589,5.897775e+02,229,2.292981e+02,1
440,4.406843e+02,457,4.577057e+02,1
424,4.240600e+02,483,4.831140e+02,1
537,5.369975e+02,358,3.580756e+02,1
553,5.536236e+02,332,3.324898e+02,1
520,5.205496e+02,383,3.833547e+02,1
570,5.701802e+02,307,3.072535e+02,1
503,5.037933e+02,408,4.087085e+02,1
586,5.870178e+02,281,2.813657e+02,1
407,4.073606e+02,508,5.085215e+02,1
487,4.874344e+02,434,4.341899e+02,1
603,6.034036e+02,256,2.563173e+02,1
470,4.708391e+02,459,4.595381e+02,1
390,3.905735e+02,533,5.337763e+02,1
454,4.542575e+02,484,4.847340e+02,1
567,5.672875e+02,359,3.596046e+02,1
550,5.508262e+02,384,3.849552e+02,1
437,4.375316e+02,510,5.101642e+02,1
583,5.839079e+02,334,3.338636e+02,1
374,3.741609e+02,559,5.591436e+02,1
534,5.341510e+02,410,4.104671e+02,1
600,6.006622e+02,308,3.086142e+02,1
517,5.175290e+02,435,4.357256e+02,1
617,6.172499e+02,283,2.836192e+02,1
501,5.010014e+02,461,4.612712e+02,1
420,4.207970e+02,535,5.355689e+02,1
633,6.335110e+02,257,2.579321e+02,1
484,4.845693e+02,486,4.864090e+02,1
404,4.041446e+02,560,5.608642e+02,1
467,4.675914e+02,511,5.115227e+02,1
580,5.807129e+02,386,3.865793e+02,1
597,5.972887e+02,361,3.612309e+02,1
564,5.640486e+02,412,4.120950e+02,1
613,6.140171e+02,335,3.353907e+02,1
547,5.475746e+02,437,4.374444e+02,1
450,4.508271e+02,537,5.372791e+02,1
630,6.305295e+02,310,3.103358e+02,1
387,3.875967e+02,586,5.863652e+02,1
530,5.309241e+02,462,4.629725e+02,1
647,6.469919e+02,285,2.851973e+02,1
514,5.146175e+02,488,4.885033e+02,1
434,4.342217e+02,562,5.626072e+02,1
417,4.178000e+02,588,5.881572e+02,1
480,4.806014e+02,538,5.387578e+02,1
610,6.108047e+02,388,3.878964e+02,1
594,5.942887e+02,413,4.136644e+02,1
627,6.276327e+02,362,3.626442e+02,1
577,5.774967e+02,439,4.389894e+02,1
644,6.442534e+02,337,3.375128e+02,1
561,5.610790e+02,464,4.645567e+02,1
660,6.606634e+02,311,3.121419e+02,1
464,4.642569e+02,564,5.642803e+02,1
544,5.443700e+02,490,4.900787e+02,1
401,4.010806e+02,613,6.133427e+02,1
677,6.774156e+02,286,2.865536e+02,1
527,5.276530e+02,515,5.157814e+02,1
447,4.476562e+02,589,5.898057e+02,1
510,5.105801e+02,540,5.408924e+02,1
384,3.845984e+02,638,6.388174e+02,1
624,6.242922e+02,415,4.152619e+02,1
640,6.408626e+02,389,3.896204e+02,1
607,6.077318e+02,440,4.406286e+02,1
431,4.312835e+02,615,6.150957e+02,1
494,4.942898e+02,566,5.660258e+02,1
657,6.576169e+02,364,3.644053e+02,1
591,5.909884e+02,466,4.661487e+02,1
674,6.740960e+02,339,3.391580e+02,1
574,5.744235e+02,491,4.915457e+02,1
690,6.907319e+02,313,3.135162e+02,1
477,4.778092e+02,591,5.914328e+02,1
557,5.577183e+02,517,5.169812e+02,1
414,4.146398e+02,640,6.405824e+02,1
541,5.410079e+02,542,5.424901e+02,1
461,4.611753e+02,616,6.168117e+02,1
524,5.243943e+02,567,5.677844e+02,1
398,3.979382e+02,665,6.660322e+02,1
654,6.544986e+02,416,4.167165e+02,1
637,6.376970e+02,442,4.420226e+02,1
671,6.712258e+02,391,3.914968e+02,1
621,6.212302e+02,467,4.677125e+02,1
687,6.874961e+02,366,3.658938e+02,1
604,6.043978e+02,493,4.930434e+02,1
507,5.079819e+02,593,5.930768e+02,1
444,4.447655e+02,642,6.422214e+02,1
704,7.044490e+02,340,3.406795e+02,1
587,5.878705e+02,518,5.184861e+02,1
721,7.210695e+02,315,3.155134e+02,1
571,5.711043e+02,543,5.439791e+02,1
381,3.815846e+02,691,6.912844e+02,1
491,4.913971e+02,618,6.184981e+02,1
428,4.282328e+02,667,6.675782e+02,1
554,5.545880e+02,569,5.693506e+02,1
474,4.749881e+02,643,6.441561e+02,1
667,6.678608e+02,443,4.439265e+02,1
538,5.379862e+02,594,5.947555e+02,1
684,6.846210e+02,418,4.184477e+02,1
651,6.512472e+02,469,4.692641e+02,1
701,7.011343e+02,393,3.931808e+02,1
634,6.346774e+02,494,4.945915e+02,1
411,4.118914e+02,692,6.928416e+02,1
717,7.178613e+02,367,3.680133e+02,1
617,6.179924e+02,520,5.196669e+02,1
521,5.215386e+02,620,6.201457e+02,1
734,7.346700e+02,342,3.424068e+02,1
458,4.585085e+02,669,6.693126e+02,1
601,6.013388e+02,545,5.454697e+02,1
584,5.848654e+02,570,5.710796e+02,1
505,5.050936e+02,645,6.454014e+02,1
395,3.954556e+02,718,7.181968e+02,1
441,4.420713e+02,694,6.947628e+02,1
568,5.682288e+02,596,5.962851e+02,1
698,6.981515e+02,445,4.454745e+02,1
681,6.813809e+02,470,4.708098e+02,1
714,7.146435e+02,420,4.200719e+02,1
664,6.646431e+02,496,4.960418e+02,1
488,4.885041e+02,670,6.709341e+02,1
731,7.314586e+02,394,3.948649e+02,1
551,5.518073e+02,621,6.217621e+02,1
648,6.482090e+02,521,5.216337e+02,1
748,7.481117e+02,369,3.695769e+02,1
378,3.786866e+02,743,7.435581e+02,1
631,6.315390e+02,546,5.469111e+02,1
425,4.253963e+02,719,7.202080e+02,1
535,5.353435e+02,647,6.470622e+02,1
614,6.149138e+02,572,5.723275e+02,1
472,4.722618e+02,696,6.960871e+02,1
598,5.982674e+02,597,5.978558e+02,1
518,5.189145e+02,672,6.725060e+02,1
408,4.091051e+02,745,7.454405e+02,1
581,5.818684e+02,623,6.232674e+02,1
455,4.556365e+02,721,7.215869e+02,1
711,7.116365e+02,472,4.724383e+02,1
728,7.281234e+02,447,4.471876e+02,1
694,6.950761e+02,497,4.980643e+02,1
678,6.782482e+02,523,5.231621e+02,1
744,7.452733e+02,421,4.223059e+02,1
761,7.617639e+02,396,3.964608e+02,1
661,6.617397e+02,548,5.484805e+02,1
502,5.022642e+02,697,6.978574e+02,1
565,5.653772e+02,648,6.486653e+02,1
645,6.451768e+02,573,5.740072e+02,1
392,3.923486e+02,770,7.703851e+02,1
439,4.384732e+02,746,7.468078e+02,1
628,6.285635e+02,599,5.992978e+02,1
548,5.493711e+02,673,6.739084e+02,1
485,4.860461e+02,723,7.231160e+02,1
612,6.120028e+02,624,6.246033e+02,1
532,5.325050e+02,699,6.993870e+02,1
422,4.226682e+02,772,7.721323e+02,1
741,7.418618e+02,474,4.740052e+02,1
725,7.251094e+02,499,4.994191e+02,1
758,7.585400e+02,448,4.490270e+02,1
708,7.084469e+02,524,5.248081e+02,1
595,5.956402e+02,650,6.500793e+02,1
775,7.751242e+02,423,4.236545e+02,1
469,4.692764e+02,748,7.484925e+02,1
691,6.917339e+02,550,5.499600e+02,1
675,6.753155e+02,575,5.754415e+02,1
516,5.157768e+02,724,7.248196e+02,1
579,5.790351e+02,675,6.754845e+02,1
658,6.588522e+02,600,6.007644e+02,1
642,6.421931e+02,626,6.261938e+02,1
452,4.530596e+02,773,7.742824e+02,1
562,5.627916e+02,700,7.015444e+02,1
499,4.995633e+02,750,7.502249e+02,1
625,6.257656e+02,651,6.516042e+02,1
755,7.551737e+02,501,5.011015e+02,1
772,7.719329e+02,475,4.758704e+02,1
738,7.388152e+02,526,5.262504e+02,1
788,7.888624e+02,450,4.504841e+02,1
722,7.220702e+02,551,5.515751e+02,1
546,5.463253e+02,726,7.263758e+02,1
609,6.092931e+02,677,6.770644e+02,1
705,7.052600e+02,576,5.773362e+02,1
483,4.832362e+02,775,7.753617e+02,1
688,6.891952e+02,602,6.022160e+02,1
592,5.928363e+02,702,7.024872e+02,1
672,6.724771e+02,627,6.278437e+02,1
529,5.302117e+02,751,7.520263e+02,1
655,6.560889e+02,653,6.527860e+02,1
466,4.665863e+02,800,8.008641e+02,1
576,5.763752e+02,727,7.279407e+02,1
513,5.137504e+02,777,7.771504e+02,1
639,6.395372e+02,678,6.785914e+02,1
785,7.857835e+02,502,5.030305e+02,1
768,7.699409e+02,527,5.280106e+02,1
802,8.023006e+02,477,4.776497e+02,1
752,7.522210e+02,553,5.533054e+02,1
735,7.357610e+02,578,5.785676e+02,1
560,5.602425e+02,753,7.531269e+02,1
719,7.190771e+02,603,6.037291e+02,1
623,6.227800e+02,703,7.042265e+02,1
702,7.025718e+02,629,6.291649e+02,1
496,4.973897e+02,802,8.024709e+02,1
686,6.860078e+02,654,6.546904e+02,1
606,6.069417e+02,729,7.294619e+02,1
543,5.437379e+02,778,7.786252e+02,1
669,6.695786e+02,680,6.800637e+02,1
590,5.902861e+02,754,7.549177e+02,1
799,7.991608e+02,529,5.298555e+02,1
782,7.829284e+02,554,5.555195e+02,1
765,7.661393e+02,580,5.795261e+02,1
527,5.268183e+02,803,8.038137e+02,1
653,6.533335e+02,705,7.054917e+02,1
749,7.493483e+02,605,6.054795e+02,1
732,7.327918e+02,630,6.313303e+02,1
573,5.742763e+02,780,7.798675e+02,1
636,6.381057e+02,730,7.309552e+02,1
716,7.163466e+02,656,6.562458e+02,1
699,7.002106e+02,681,6.818538e+02,1
620,6.205745e+02,756,7.562509e+02,1
683,6.831081e+02,706,7.071756e+02,1
604,6.039598e+02,781,7.816951e+02,1
779,7.795222e+02,607,6.071006e+02,1
667,6.671270e+02,732,7.323314e+02,1
763,7.632483e+02,632,6.325245e+02,1
746,7.468190e+02,657,6.577092e+02,1
650,6.506705e+02,757,7.584178e+02,1
730,7.299933e+02,682,6.837781e+02,1
713,7.138910e+02,708,7.083269e+02,1
697,6.975030e+02,733,7.341186e+02,1
