#X,Y,WINDING
221,2.213966e+02,534,5.342594e+02,1
227,2.275044e+02,482,4.823384e+02,1
233,2.338831e+02,430,4.304410e+02,1
233,2.335067e+02,562,5.624518e+02,1
239,2.397690e+02,510,5.106983e+02,1
245,2.456031e+02,458,4.588954e+02,1
245,2.455597e+02,590,5.907454e+02,1
251,2.513895e+02,406,4.064412e+02,1
251,2.519714e+02,539,5.395059e+02,1
257,2.575889e+02,487,4.877327e+02,1
258,2.581338e+02,618,6.180518e+02,1
263,2.632224e+02,435,4.353589e+02,1
264,2.641579e+02,567,5.675549e+02,1
269,2.692810e+02,382,3.824867e+02,1
269,2.698380e+02,516,5.166493e+02,1
270,2.695608e+02,645,6.458159e+02,1
275,2.750673e+02,463,4.638614e+02,1
276,2.763898e+02,595,5.954860e+02,1
280,2.805428e+02,411,4.116853e+02,1
282,2.823272e+02,544,5.441370e+02,1
282,2.821174e+02,673,6.733810e+02,1
287,2.873019e+02,358,3.583693e+02,1
287,2.874692e+02,492,4.923694e+02,1
288,2.886421e+02,623,6.232953e+02,1
292,2.924191e+02,439,4.396679e+02,1
293,2.934512e+02,700,7.016228e+02,1
294,2.945297e+02,572,5.723836e+02,1
298,2.985406e+02,387,3.874325e+02,1
299,2.995307e+02,520,5.204853e+02,1
300,3.006054e+02,650,6.506435e+02,1
305,3.052522e+02,333,3.335023e+02,1
304,3.048549e+02,468,4.682189e+02,1
306,3.068520e+02,599,6.002125e+02,1
310,3.103261e+02,415,4.156647e+02,1
312,3.123830e+02,548,5.482110e+02,1
313,3.135127e+02,678,6.779188e+02,1
316,3.163095e+02,362,3.624523e+02,1
317,3.173554e+02,496,4.962430e+02,1
319,3.193684e+02,627,6.273980e+02,1
323,3.232076e+02,308,3.089699e+02,1
322,3.225139e+02,443,4.436857e+02,1
324,3.249181e+02,575,5.759626e+02,1
324,3.246541e+02,705,7.054770e+02,1
327,3.276510e+02,391,3.912161e+02,1
329,3.299805e+02,524,5.242351e+02,1
331,3.317686e+02,654,6.548792e+02,1
334,3.341547e+02,337,3.380799e+02,1
334,3.346046e+02,471,4.716561e+02,1
336,3.364001e+02,732,7.325121e+02,1
337,3.372346e+02,603,6.034863e+02,1
339,3.399288e+02,419,4.196009e+02,1
341,3.414441e+02,284,2.841828e+02,1
342,3.424954e+02,551,5.517050e+02,1
343,3.439807e+02,681,6.826371e+02,1
345,3.454432e+02,366,3.664662e+02,1
347,3.475163e+02,499,4.997895e+02,1
349,3.498565e+02,630,6.308111e+02,1
370,3.702049e+02,288,2.884381e+02,1
388,3.885363e+02,263,2.634644e+02,1
351,3.520115e+02,313,3.133799e+02,1
407,4.075423e+02,238,2.383939e+02,1
399,3.994960e+02,292,2.920759e+02,1
381,3.812011e+02,316,3.169242e+02,1
417,4.178731e+02,267,2.673193e+02,1
363,3.634425e+02,341,3.415907e+02,1
436,4.366281e+02,242,2.422621e+02,1
428,4.286831e+02,295,2.952553e+02,1
410,4.105266e+02,320,3.201165e+02,1
447,4.472302e+02,270,2.704888e+02,1
392,3.928998e+02,345,3.452997e+02,1
375,3.751095e+02,369,3.698126e+02,1
466,4.662808e+02,245,2.454659e+02,1
357,3.574938e+02,394,3.946171e+02,1
485,4.857364e+02,220,2.206727e+02,1
440,4.402425e+02,323,3.231182e+02,1
458,4.582788e+02,298,2.984035e+02,1
422,4.223568e+02,348,3.481753e+02,1
476,4.767492e+02,273,2.736083e+02,1
404,4.047205e+02,373,3.730147e+02,1
495,4.955948e+02,248,2.489280e+02,1
387,3.873826e+02,397,3.980253e+02,1
369,3.697141e+02,422,4.227313e+02,1
514,5.152944e+02,224,2.241158e+02,1
352,3.523378e+02,447,4.473948e+02,1
469,4.701212e+02,326,3.260143e+02,1
452,4.520588e+02,351,3.511839e+02,1
488,4.880708e+02,301,3.014055e+02,1
434,4.344212e+02,376,3.760809e+02,1
506,5.066595e+02,276,2.765757e+02,1
416,4.167547e+02,401,4.012509e+02,1
525,5.255359e+02,251,2.520749e+02,1
399,3.995265e+02,425,4.257351e+02,1
544,5.449872e+02,227,2.271933e+02,1
382,3.822199e+02,450,4.507449e+02,1
481,4.819513e+02,353,3.537229e+02,1
499,4.996185e+02,328,3.286214e+02,1
464,4.643393e+02,378,3.786748e+02,1
364,3.647380e+02,475,4.755729e+02,1
517,5.177817e+02,304,3.039655e+02,1
446,4.465801e+02,403,4.035269e+02,1
536,5.365771e+02,279,2.795021e+02,1
429,4.293386e+02,428,4.285679e+02,1
555,5.553995e+02,255,2.551648e+02,1
411,4.118647e+02,453,4.535174e+02,1
574,5.750592e+02,230,2.303421e+02,1
394,3.946317e+02,478,4.784836e+02,1
511,5.117184e+02,356,3.563531e+02,1
493,4.940672e+02,381,3.811679e+02,1
529,5.297397e+02,331,3.313588e+02,1
476,4.764671e+02,406,4.062910e+02,1
548,5.481861e+02,306,3.067025e+02,1
377,3.774241e+02,503,5.031469e+02,1
459,4.591249e+02,431,4.312404e+02,1
566,5.665584e+02,282,2.823403e+02,1
441,4.418803e+02,456,4.562599e+02,1
360,3.600558e+02,527,5.276127e+02,1
585,5.857324e+02,258,2.581220e+02,1
424,4.245347e+02,481,4.811656e+02,1
605,6.053290e+02,234,2.344031e+02,1
524,5.242406e+02,383,3.837746e+02,1
407,4.075635e+02,506,5.061620e+02,1
541,5.419265e+02,358,3.589167e+02,1
506,5.065093e+02,408,4.084635e+02,1
559,5.601003e+02,334,3.340593e+02,1
489,4.891732e+02,433,4.334836e+02,1
578,5.783926e+02,309,3.094983e+02,1
471,4.719239e+02,458,4.585227e+02,1
390,3.899384e+02,530,5.306669e+02,1
596,5.967603e+02,285,2.851343e+02,1
454,4.546160e+02,483,4.835191e+02,1
372,3.726535e+02,555,5.553124e+02,1
616,6.166168e+02,261,2.616411e+02,1
437,4.373128e+02,508,5.085398e+02,1
554,5.540512e+02,386,3.861868e+02,1
536,5.367187e+02,410,4.108156e+02,1
572,5.720643e+02,361,3.615999e+02,1
519,5.194336e+02,435,4.359198e+02,1
420,4.201949e+02,533,5.333766e+02,1
590,5.899554e+02,337,3.370888e+02,1
355,3.552522e+02,579,5.794075e+02,1
501,5.019532e+02,460,4.607493e+02,1
608,6.087126e+02,312,3.124440e+02,1
484,4.846937e+02,486,4.860911e+02,1
402,4.028465e+02,558,5.582507e+02,1
627,6.276914e+02,288,2.886659e+02,1
467,4.675911e+02,511,5.110814e+02,1
385,3.853739e+02,582,5.826961e+02,1
647,6.470206e+02,265,2.653845e+02,1
450,4.502696e+02,535,5.357964e+02,1
566,5.666807e+02,413,4.133894e+02,1
584,5.843447e+02,388,3.886813e+02,1
549,5.492763e+02,438,4.382499e+02,1
602,6.022714e+02,364,3.642929e+02,1
531,5.319236e+02,463,4.633472e+02,1
620,6.205587e+02,339,3.396887e+02,1
432,4.327309e+02,560,5.609449e+02,1
514,5.146065e+02,488,4.883252e+02,1
367,3.677181e+02,606,6.067214e+02,1
638,6.394181e+02,315,3.159461e+02,1
497,4.975906e+02,513,5.134209e+02,1
415,4.156752e+02,585,5.856062e+02,1
658,6.581472e+02,292,2.923736e+02,1
480,4.804287e+02,538,5.383739e+02,1
596,5.970573e+02,415,4.160092e+02,1
579,5.793857e+02,440,4.406180e+02,1
398,3.984019e+02,610,6.099576e+02,1
614,6.145664e+02,391,3.913599e+02,1
463,4.630338e+02,563,5.633285e+02,1
562,5.622020e+02,465,4.656761e+02,1
632,6.326137e+02,367,3.670745e+02,1
544,5.447254e+02,490,4.905828e+02,1
650,6.508425e+02,342,3.426110e+02,1
527,5.275898e+02,515,5.155260e+02,1
445,4.459096e+02,588,5.884134e+02,1
380,3.803633e+02,634,6.342146e+02,1
669,6.697176e+02,319,3.191179e+02,1
510,5.105303e+02,540,5.406180e+02,1
428,4.284009e+02,612,6.130521e+02,1
688,6.894714e+02,295,2.955882e+02,1
493,4.931672e+02,565,5.656340e+02,1
362,3.621160e+02,658,6.582984e+02,1
609,6.095112e+02,443,4.430693e+02,1
627,6.270926e+02,418,4.187231e+02,1
592,5.922184e+02,467,4.679684e+02,1
645,6.451092e+02,394,3.944563e+02,1
574,5.748846e+02,492,4.930854e+02,1
410,4.108067e+02,637,6.373226e+02,1
475,4.760256e+02,590,5.908050e+02,1
663,6.632188e+02,370,3.703704e+02,1
557,5.575899e+02,517,5.178549e+02,1
681,6.815132e+02,346,3.463580e+02,1
540,5.404123e+02,542,5.428738e+02,1
458,4.585492e+02,615,6.155691e+02,1
392,3.924540e+02,661,6.616056e+02,1
700,7.002576e+02,323,3.230512e+02,1
523,5.232467e+02,568,5.680339e+02,1
441,4.411692e+02,640,6.400565e+02,1
505,5.058821e+02,593,5.930742e+02,1
639,6.396638e+02,445,4.460356e+02,1
622,6.222990e+02,470,4.705567e+02,1
657,6.575217e+02,421,4.216141e+02,1
374,3.742042e+02,685,6.857357e+02,1
604,6.049229e+02,495,4.952570e+02,1
675,6.755722e+02,397,3.975441e+02,1
587,5.878499e+02,520,5.201265e+02,1
422,4.230446e+02,664,6.645800e+02,1
693,6.937296e+02,373,3.735723e+02,1
488,4.886171e+02,617,6.181497e+02,1
570,5.704841e+02,545,5.453903e+02,1
355,3.557674e+02,709,7.094265e+02,1
712,7.122910e+02,350,3.504835e+02,1
553,5.533053e+02,570,5.703126e+02,1
471,4.710358e+02,642,6.427736e+02,1
404,4.049047e+02,688,6.888671e+02,1
536,5.362591e+02,595,5.953367e+02,1
731,7.315824e+02,327,3.273151e+02,1
652,6.524302e+02,473,4.734049e+02,1
669,6.699509e+02,449,4.484203e+02,1
453,4.533152e+02,667,6.672854e+02,1
635,6.352612e+02,497,4.978656e+02,1
687,6.882386e+02,425,4.248290e+02,1
518,5.190042e+02,620,6.203303e+02,1
617,6.177079e+02,522,5.226677e+02,1
386,3.862036e+02,712,7.127293e+02,1
705,7.055818e+02,401,4.003915e+02,1
600,6.006352e+02,547,5.475836e+02,1
724,7.245172e+02,377,3.776455e+02,1
501,5.013420e+02,645,6.452148e+02,1
435,4.351172e+02,691,6.917383e+02,1
583,5.833692e+02,572,5.726494e+02,1
367,3.671232e+02,736,7.362835e+02,1
566,5.661301e+02,597,5.976224e+02,1
743,7.435416e+02,354,3.548708e+02,1
483,4.836485e+02,670,6.699295e+02,1
416,4.167831e+02,716,7.161970e+02,1
548,5.488466e+02,622,6.226289e+02,1
682,6.827833e+02,476,4.765337e+02,1
665,6.652443e+02,500,5.008108e+02,1
700,7.004450e+02,452,4.525040e+02,1
647,6.479369e+02,525,5.252831e+02,1
465,4.654484e+02,694,6.947088e+02,1
718,7.184382e+02,428,4.286409e+02,1
630,6.304566e+02,550,5.502329e+02,1
531,5.313353e+02,647,6.476175e+02,1
397,3.983143e+02,739,7.401487e+02,1
736,7.365096e+02,405,4.051089e+02,1
613,6.132404e+02,575,5.750769e+02,1
595,5.961243e+02,600,5.997877e+02,1
513,5.136188e+02,672,6.725283e+02,1
755,7.552807e+02,382,3.825441e+02,1
447,4.473411e+02,719,7.192492e+02,1
378,3.776405e+02,763,7.634979e+02,1
578,5.789067e+02,625,6.252069e+02,1
495,4.956730e+02,697,6.973417e+02,1
428,4.286105e+02,743,7.433090e+02,1
561,5.613249e+02,650,6.500527e+02,1
695,6.952330e+02,504,5.043554e+02,1
712,7.131882e+02,480,4.795946e+02,1
677,6.777661e+02,528,5.286637e+02,1
730,7.306163e+02,456,4.561518e+02,1
660,6.603150e+02,553,5.531616e+02,1
643,6.432026e+02,577,5.778595e+02,1
748,7.488365e+02,432,4.327948e+02,1
477,4.776327e+02,722,7.222539e+02,1
543,5.436444e+02,675,6.750322e+02,1
625,6.258559e+02,602,6.027314e+02,1
408,4.087464e+02,767,7.671158e+02,1
767,7.676646e+02,409,4.101446e+02,1
608,6.084834e+02,627,6.276970e+02,1
525,5.258664e+02,700,7.000852e+02,1
458,4.589269e+02,746,7.463895e+02,1
590,5.913305e+02,652,6.530652e+02,1
507,5.075585e+02,724,7.249246e+02,1
707,7.077538e+02,532,5.317505e+02,1
725,7.254840e+02,507,5.078412e+02,1
690,6.903724e+02,556,5.565041e+02,1
743,7.429258e+02,484,4.843043e+02,1
439,4.396893e+02,770,7.703799e+02,1
573,5.732944e+02,677,6.779182e+02,1
761,7.613263e+02,460,4.608121e+02,1
672,6.735147e+02,580,5.820363e+02,1
655,6.555598e+02,605,6.058088e+02,1
779,7.796751e+02,437,4.376545e+02,1
488,4.893165e+02,749,7.493600e+02,1
555,5.555682e+02,702,7.028046e+02,1
638,6.381916e+02,630,6.305770e+02,1
620,6.209444e+02,655,6.557431e+02,1
537,5.377576e+02,727,7.277095e+02,1
469,4.702290e+02,773,7.733332e+02,1
603,6.031856e+02,680,6.805579e+02,1
720,7.203163e+02,560,5.600742e+02,1
737,7.382591e+02,535,5.363802e+02,1
755,7.553632e+02,512,5.120654e+02,1
702,7.030463e+02,584,5.844687e+02,1
518,5.194394e+02,752,7.523879e+02,1
773,7.731501e+02,488,4.889420e+02,1
450,4.504724e+02,797,7.976403e+02,1
585,5.854644e+02,705,7.056087e+02,1
685,6.852193e+02,608,6.094206e+02,1
791,7.922067e+02,465,4.657645e+02,1
667,6.684797e+02,633,6.335327e+02,1
500,4.999937e+02,776,7.763613e+02,1
567,5.674196e+02,730,7.304503e+02,1
650,6.504475e+02,658,6.586144e+02,1
632,6.328045e+02,683,6.836015e+02,1
548,5.490821e+02,755,7.554084e+02,1
480,4.804078e+02,800,8.017802e+02,1
615,6.151051e+02,708,7.083925e+02,1
750,7.499835e+02,564,5.642728e+02,1
767,7.677881e+02,540,5.404815e+02,1
732,7.325161e+02,588,5.882175e+02,1
785,7.854299e+02,517,5.172427e+02,1
715,7.150968e+02,612,6.124609e+02,1
530,5.297234e+02,779,7.794335e+02,1
803,8.040275e+02,493,4.943445e+02,1
697,6.975853e+02,637,6.370166e+02,1
596,5.973931e+02,733,7.331643e+02,1
680,6.799362e+02,661,6.615934e+02,1
510,5.111382e+02,804,8.043232e+02,1
578,5.785883e+02,758,7.583170e+02,1
662,6.623734e+02,686,6.866207e+02,1
644,6.444944e+02,711,7.115067e+02,1
559,5.599030e+02,783,7.832757e+02,1
779,7.799850e+02,569,5.686744e+02,1
762,7.623712e+02,592,5.930020e+02,1
626,6.263236e+02,736,7.364476e+02,1
744,7.446964e+02,616,6.167016e+02,1
797,7.990630e+02,545,5.465638e+02,1
726,7.267548e+02,641,6.408216e+02,1
709,7.094205e+02,665,6.655886e+02,1
607,6.083093e+02,761,7.611883e+02,1
691,6.917061e+02,690,6.902695e+02,1
673,6.735081e+02,715,7.148898e+02,1
589,5.891029e+02,786,7.863474e+02,1
655,6.551900e+02,739,7.404735e+02,1
774,7.742823e+02,621,6.219103e+02,1
756,7.559803e+02,645,6.457832e+02,1
738,7.383810e+02,670,6.700965e+02,1
636,6.368667e+02,764,7.677668e+02,1
720,7.207545e+02,694,6.946469e+02,1
702,7.032924e+02,719,7.190849e+02,1
684,6.860987e+02,743,7.454967e+02,1
